300002500000060004500003609071050000000704000000010820409800002100040000003900001
002000003470050090090301020904100200721408359006005407010204080040010032200000700
000001020005902370010030400907200163300070008624008709006020090093706800040100000
506200004090006200237000000700035109009000700608790003000000612003400070100002408
004600879900002006000907010801370002006000900500094601060105000200700003318009700
000100090010726000204000706800075031703000504450390007609000108000569070020004000
010200800000078054748001000620904010003706500080503069000800246860130000009005080
065704000020600750007200001010020038003849100270060040500003800089006070000902510
480050001006830040100204500001000360000315000075000800002907003050028900700060028
540296803020000005000100020780904000610802039000501087090007000200000040304618092
150876000390150200007000015000402008008030400900607000240000300001045072000263054
002000704901304000004060091028036010005108400070420860590040300000903602203000100
970460032480005090005390000050070008709000405600050020000017800090500046510049073
701200000000030080600001024000920401004680005520000030082370509906000000000019860
003002060000108704086700000400300059300020010062950000050040600270009005008070940
400000000300000207050369800001080570200100036007026000070200009043690000600040385
008067002950400000000020408009016000760000090000503160107800030690000205800039040
724090000003100090000806704000062950910300400002400080400008005000070609260051000
008093000060008025105700080007000390052030600080901700840070000000350001500800076
680001900000000403040058000502860700004010206000200030406700800001600054300190002
000108000200030607091000003010207050005810409040000060020009004960480500080005930
000080092280910300009007400106030020040870009900004070000300701017000030305701000
016020050000000009050304807004000000060000008007438601600209080008000570040010000
607000020040001000105902046400276090000408000020513004750304902000600050060000807
806070000070250640020890710000720400092000570003045000045069080031087050000010904
000502060430089007800407090010000328500203009392000070060304002100820035050901000
460050081037180004900020000708000030003869700040000108000070003800094270370010059
076520003005040600420076809100000008700908004500000006607210095004080200200095480
000080005900312070080050239008070012120000053590020800756040020010537004300060000
509230610002010000000980005035600087021000430840003520400061000000070800053049701
000900000400063005073051090096002308020349010305800270060120480800430002000008000
072010068960847000000030079003400006040000090600003800480020000000794085730060920
000703069086005000097860005014000006920000037700000190400029670000400510230506000
953020700062810000007093020700100390000000000036002005040270900000069180001080467
000500071090187043370000000080490030007060800020071060000000029610724050430008000
000020893001089570020370000000001300763802149005700000000018020012640700548090000
200600100090438020050070040006700301009503200405006900010060030080341090003007005
900530700060040580000871090605003010400000005020100406040317000079050060002089004
040065020308400501020370800906000000700000002000000608004056080503002704090140050
015897040036050190400030020000900000070421060000003000020080004081040650050712830
900080600050021078283000090000648009090205060800139000030000215170450080009010003
040189700030004001008000006870062030614000972020410068700000400900700020002895010
020385000000006500804090630002809076009070200680402900043020801005900000000134050
890604503000382109001000040040000002060807050200000090070000300105743000306901084
610890000739600050008003109000078900802000304004130000107500600050006781000017092
701832000086000270320900014008090000009701300000040100830005091012000430000318705
360100004001600032080003600200800359003209400679005001005400060920008100100006093
072160390000090000400030510864073000009000800000680934086040001000010000047028650
009005407040603082783209000800014350054020870067530009000407523230801060406300100
000580030004079261700200908047006009821953746900800120108005002436790800050018000
950010060130650420040703501003801090501040608070509100604907050089025046020080017
500601300460030900001052060904307682107090504683405109030170200006080043009203005
050204610004780090803600070627903800930050046005107239090008103040029500072506080
004057020010830600809061030021300580980615047056002190090540708007098050030720900
062700501107030002800104790089507640004060800073809210041206008700050104306001920
040095008010000705503718090180073046020549070790180053050367104408000020600820030
402007100100982034039040600003100408870364095204005300006090540540213007007400803
002509008740380002098200600805702409030841070406903201004005320100027094900408100
069300010002090850800056030036010020008907100050008940080260001013070600090001370
140080090009103280002009400490060003006004800800507041004200900058406100070030064
670008023020060005005702004010409080950007012030600040700206400500080090140900036
500007003009580010840300650060850001087004960200060030032008046050043100700600009
007002060064810090300007082008036270100004006025900300730400005050068430040700600
901702060006500901007900004640007200009300600005068039700009800302001400060204703
040003010016092043005700090002800050104900207030104600050006100460210370070300060
005600490900804060806005200500030040260908051090400007008500904050302006073009500
054007003200031057001500004067904008020060010800020670600009300730240001400300780
830720040100500060700300920305010004002006500600035209091004002060007001080093056
007300005900870020560020081001009460200500003078601200180050094040062008600008100
090201004504003092600050070908400300010025040007100605060090008870300906400608050
095307000030294006042000398270000000009701400000000059458000960300926040000508130
009058046000040003145300800060083005800000007200670010004006581500010000710490600
034158060000040009000000540306002170085704930029500604071000000200030000060827490
008060010006037002007400609064008000970201056000300420105004900600810200030050100
705000000600950043092800005040790032307000809260085010900008360870034001000000408
320000006060380090005107280200406700000859000009703008097601500030078060600000047
020100009710050032059603400040800090960000043030009050003204170490070068100006020
030006400900401203018020650009008700086000190001500800023070940807609001004300080
900040370000000502427306980004903008000060000200804600042508713309000000018030004
100002460002000183065008070540037000008204600000810094050700310639000700071400009