009506040200004800750003001002008070000040000040100200600800039003900008090401600
013000009902380007700060000170000000560020093000000018000030005400072301300000260
000005003006700802000098570002030060960000031050070400035420000208007600600500000
000000540020080609001600083002109006650000012100207400590008100203010090018000000
007900000026501000050032100700020500030194060001070002003410080000307640000009700
000743200060200009470000080010020000050806070000030020080000064600001030009564000
007009260083040090600007000900005000062301870000700009000600007030010480046900500
000054860007906000020300100680090000093020780000040029001009030000401200064530000
000000007000900240780023100030005402058209730601400090003650074046001000200000000
600500080029000060058634000030006000075080430000400050000912870090000540080005002
060300070000017006907004030000050907090000050701090000080400601400120000010006020
053000029000000006004130005000027401200416003406980000300051600700000000540000710
170004000800000007000057218060079000010563080000240060984610000500000006000700042
904020000000005007100003020016708050380060041050901630090300006700200000000070102
304009200019000000700401006100000500580732049002000003600103002000000670001800405
463002070000006000002000604009530102005601300601047500108000700000800000020700815
005694000400007150000020090700000908910080075803000001060010000098700003000358400
060002000003007000792080100100720006070000020500061003005070469000400300000300070
090680000007195004080000039000078000010000060000360000320000070600532400000046090
010050430000100806000830120006300000802060301000008900083096000205001000067020010
040300500000700698009600430350001060000000000020900015085007900793004000001008050
204900038810060000000008000300510027000297000120086004000600000000020043430005106
704600008031280600080400300408070000090000080000090506007008090009042860800005704
000080070001400809690710020700000230900000007025000008010095046207004900050060000
002053800108090007005000090060000180080340009904600700850000070010002068000038000
040620100086004003900000408090010082005306000008040050200001009600005840850400070
480000007000800043030107200501000390800630000060050020008005160005902004600000500
300020600050006200008001900590000002010004030040053080009800007705490000000100395
300010029002076000000000503007000038080403000060807900001630040000750600650000017
000106039015000006080900700401070800000015090350000010802004100070000903009760000
090001600060920501800050000300000050100478003070000008000040006902087040004300070
008002000600190200392008560000820305000000000205017000054900627006054008000200400
010506930000003400300001807060090300040000070001060080702400006006800000035607090
150000074007600300020800000005900201010000080402005700000004030008006400390000068
000000008000830007003502100007900482402306705518007600009203800200074000100000000
946000005108300009003090060000509008009030700400801000090010600300005102600000534
004000017290000804376040090000400300030509020009002000060090148103000075940000200
050900300080050012070024500000400100510060029006009000005790030830040090009005040
008007604900320150000000000000006430600801007042700000000000000019032005406900200
014030200060700000003052006059007800020000040007200510700620100000005020002080970
300070091000004708800000050000700810600132007013009000070000006504800000980050004
000000200520040600037009800060010900905000701002080040008100590004090026006000000
040000500951700002000508010009050030200406001010070400060301000300007165002000040
001003000706009508408000090079000000300502009000000850090000401605100903000700200
700600205050080000020050690005000070280000069030000500046030020000040080309006001
000410063000500704900000280010000007500604002300000090025000009403001000680025000
498000027007090060050800040100009730005000600049500002070005080030020400560000279
006010070041005003037000104065007000900000008000100530602000340700500820080090700
106002080709000046800030100207005000010000030000800402008050004590000708070200905
006080070094506082050100030008060009103208704500040600030009040980407560020010800
000080050000003014060009000000042000008000700001500060005600030920000000040070800
049060005306800200800140030504020903030000060902070804010056008008004107200010490
090000203600700419800409605070100002028000950300008060501207008743006001209000040
900400107004061030000850249400200001507000306100009008641092000050340700702008004
500090761300080200200701380900800140006000500027004008054908003003020007812060009
000401006500090012013080040730802001050903080600105094090030150480020003300708000
003060708000902500057048020580730009000506000400081057070620340004807000601050800
025004781004100060000300040603701020480000059010408607040007000030009800198600270
008060050020010030090502400180639040409000306060487012004208070030040090050090100
000000006070004520200135704600809100008000400007201005801456009062700040700000000
910020050703000090506040200400001020090070040060900005008090507070000402040030081
090780600000030028000005970050003400800206007002900080023400000180060000007012060
000068001060200080308500700003400006600010009700009300009007608040005030800940000
000500007000900530203070000027340085004050200560017940000060304071005000600002000
000002000209004137000390200607003400084000310003400705002057000178200903000800000
002000040000020018600400020008540007007108600100036200080005001230010000040000900
040730000090040060000805004650300071700000005210007098800403000020070030000026050
100000008000108090036700005080600250500000004042001070900006580010203000200000006
000056012100087003000020900090000160000509000082000050005040000900270001870690000
000500010041008000520710004615902000000000000000804196700086021000400670090007000
503008407000453000000600030490000072007000900280000063020004000000261000309700206
000100003400003078091570000080402037100000005940306020000095780760800002800007000
030200400907008020500430010000800001004020800100005000060053004010900506009002080
400800017070100003000500846037004020000000000090300670941008000700006050560009004
300007520900080006060000001020700064006020100870006090100000080200040005089200003
000000603720003000000048500690200700030000090001009026006810000000500084807000000
000100020000032040079000300604500000003000800000003605006000470050490000010006000
060700200000800000090031700980000070000509000020000094003980040000006000002004010
003100000090003040200700180020030090009000700010040060056008002030600010000009500
000060407000002019000500000054000060090374050080000740000009000230800000807010000