007800540000007003000490008020006009050108030600300020900072000300500000082004600
600051000001008600080490030013000700000070000002000540090042050008600100000910006
700005200103020000002030007001000020090641050070000800800050300000070906007400005
504000000000020756000000002000340080082706490010098000800000000179050000000000109
500060740080050100400070009000007500900105002005200000700020005009010070051030006
000003042300700501000006000000030600052804710009050000000100000905002007780300000
002000000000001392000250018049005000087000930000700140570038000234500000000000700
000600750020000000900104003001069070700000006060450900800301005000000080045002000
060400005923057000000600001000000014002000300370000000600004000000510476200009050
000980000000003002630007500004000071800605009360000800009400013400800000000072000
001000070080005000020600903908020000400030007000050409305001090000700060070000800
000000300601050000800003019100006020060802050070100003310400002000030908004000000
090006085000000420800030000007008090580000047040200500000060001078000000250400030
001006000000800004340012000100000530605000401089000006000190065800003000000700800
050030090004098060801000002000300000900206005000009000500000904040870100080040020
000000007400907080010800039000540001002000500600089000960001050070604002300000000
000030108041000009000005400003007000090324050000100700009200000700000920208060000
000006007003700010004900020037008005100000009900100740070001800020004900600500000
600094250000005007005000390006100000140000082000009100081000400700400000094370005
791000000500804000000510000240008030003901400070300028000056000000102003000000851
560004000000070980000020035000800067400000001630005000210060000047050000000400028
081030700000009400600000203000051000020040030000290000309000007002700000004080650
009180000000740002007000050470000009005070200300000087050000300900056000000029400
001806230000050006000003018003000009090000020800000400280700000300020000067108500
095100000030000005000050240010042008048000700000306100700060400600007050100200006
000900780170008000000004510015030020000180003300006008004200000060040007009000405
070081900009300000010020060008700050034200000000010470380000005900006002400009600
000340000400000360900001700062008003030070010080900005307802000005006007000000850
403000000700900080000308007010700500092000006000050840000000724600294000048030000
096080010002000360000067050000720000000000401637000000020000100100209003860001009
900000500020034070700200000300500080002000400070008005000009002040780060006000003
040000000800092500900003020230600000019000670000005031070200004005460008000000050
000086003000400009760000040043100000020000010000003460010000087500009000600510000
200006040060000009003005007000280030007060200010074000400600900700000080090400001
000009620000200407000640010006070000308000109000080300020057000703001000095300000
080007500000910000002005940030002000640000087000500030018700600000068000007300090
020700950000080043500030008010004000600000004000500020100050002830070000062009070
090806000000900300043000000704000910080060070021000806000000520005001000000309060
700000300000500904000021080480150000002000500000073062040610000608005000003000006
290075010000000000008930600045000000100020003000000850009052300000000000070890065
200001000004003680900040700600000130005090800027000009006050001041700900000600004
900000000004001000625009000080500207150040096709008050000200435000900700000000009
700080906006009010003020045000007000000862000000500000680010400050600100204050007
017020406020008000000600500050400060100000004040009030004005000000700080201080740
060900700000080950900070002029004000107000309000600270400050003013040000005003080
005000890000700102600000300200007900500492007007800001003000006704001000092000400
008000030900080100025007400000500021000306000290004000002600940001090007040000600
002074000000900500900060170089000003070050090100000640021040008005008000000390700
600000073914000000000068100000076000320010067000450000008530000000000758540000001
003075400000006009460001005806090000002000500000060902100700038900600000008420700
040601000200800700300005090060500307070104020409003080010900004002008005000307060
000501070075020030809070001001030700300000004007060200400050907020040610050807000
070400600200003000800609001054080702010000090906050840500301008000700004001002030
007000900060001508800020640020430700001000300004098050059060002406500090003000100
080700460000002035009060000206000087530000014410000209000040100670900000043008020
010406030040500700803002004300070602000000000709040005600200809005007020070103050
002100054000007000830040760400890000100504007000031008096070013000200000750008400
000700000690001050008034020704103090300000001010807206050420300030600018000009000
009000710500600090083009000900100870008502600041008003000300580020004009037000400
100002090030001020004000000080000005200005007300004060000000500090800030050700008
008200005030000000009006010500900003004007600300000001090800300000000070200004900
080007060070000000500001003009070300060500040001000200800200004000000080090600070
007900600008000009050040000300000001020003090600050004000030020400000700005007900
006010030300008000900000200040003008100000005600090070007000004000900001080020500
340000000070210030000000000100802005400701002700609004000000000050074010000000069
800001000000520000390000501080009700007060200005100080703000068000083000000600004
329060000000701093000000400006000081002030900850000200001000000670209000000080327
030010000076000150800500003008170000002000600000084900400001006069000280000040030
000370900302500070900600000200000800051708230008000006000007005020005608006043000
000000000000000073900016004010307060060104020040502090100240008680000000000000000
040007000050030001060200003500900037002000800390008006400001070100020050000500080
800004203003600081000003007000009060900000002060200000600100000450002300208900005
000430009290000080073000000060710002000206000400089030000000620030000094800074000
000010079001039000070000060019840000800000003000092480050000040000560700680020000
040005706000000003010064900000200060309000401060001000001370020800000000205400090
050069000000000805003200040006800000804050703000001200090008500701000000000930010
900718000060002000470000000700090800050060030001020004000000061000600020000283005
004000380008020004260000090010040006000706000600080050050000069900050200023000700
910000500300400000005102070000000150021605840056000000080706400000004005004000081
008000970000000415050600002040270009000409000200058040100003080586000000039000700